section .data
    msg : db 35, 35, 35, 35, 35, 35, 35, 35, 35, 35, 35, 35, 35, 35, 35, 35, 35, 35, 35, 35, 10, 35, 35, 74, 49, 35, 35, 35, 35, 35, 35, 35, 35, 35, 35, 35, 35, 74, 49, 35, 35, 10, 35, 35, 35, 35, 35, 35, 35, 35, 35, 74, 49, 35, 35, 35, 35, 35, 35, 35, 35, 35, 10, 35, 35, 74, 49, 35, 35, 35, 35, 35, 35, 35, 35, 35, 35, 35, 35, 74, 49, 35, 35, 10, 35, 35, 35, 35, 35, 35, 35, 35, 35, 74, 49, 35, 35, 35, 35, 35, 35, 35, 35, 35, 10, 35, 35, 35, 35, 35, 35, 35, 35, 35, 74, 49, 35, 35, 35, 35, 35, 35, 35, 35, 35, 10, 35, 35, 74, 49, 35, 35, 35, 35, 35, 35, 35, 35, 35, 35, 35, 35, 74, 49, 35, 35, 10, 35, 35, 35, 35, 35, 35, 35, 35, 35, 74, 49, 35, 35, 35, 35, 35, 35, 35, 35, 35, 10, 35, 35, 74, 49, 35, 35, 35, 35, 35, 35, 35, 35, 35, 35, 35, 35, 74, 49, 35, 35, 10, 35, 35, 35, 35, 35, 35, 35, 35, 35, 35, 35, 35, 35, 35, 35, 35, 35, 35, 35, 35, 0
    
section .text 
    global main
    extern printf 

main:
    push msg
    call printf
    add esp, 4
